0 0.12 0.06 0.06 0
0.12 0.12 0.06 0.06 0
0.24 0.12 0.06 0.06 0
0.36 0.12 0.06 0.06 0
0.48 0.12 0.06 0.06 0
0.6 0.12 0.06 0.06 0
0.72 0.12 0.06 0.06 0
0.72 0 0.06 0.06 0
0.6 0 0.06 0.06 0
0.48 0 0.06 0.06 0
0.36 0 0.06 0.06 0
0.12 0 0.06 0.06 0
0 0 0.06 0.06 0
0.24 0 0.06 0.06 0
-0.12 -0.12 0.06 0.06 0
0.12 -0.12 0.06 0.06 0
0 -0.12 0.06 0.06 0
-0.12 0 0.06 0.06 0
-0.12 0.12 0.06 0.06 0
0.24 -0.12 0.06 0.06 0
0.36 -0.12 0.06 0.06 0
0.48 -0.12 0.06 0.06 0
0.6 -0.12 0.06 0.06 0
0.72 -0.12 0.06 0.06 0
